2.318035009579780592e+00
1.808827464397136930e+00
1.539719761946262366e+00
1.355128205739534852e+00
1.194674131197807077e+00
1.029892525611779686e+00
8.352076625212644378e-01
6.998974910149207140e-01
5.944477854630886293e-01
5.428938743395682609e-01
4.656010499367347344e-01
4.747740565202174801e-01
4.385452155883495795e-01
3.194496322136659017e-01
3.498625247142253536e-01
3.059113063873388771e-01
3.138031096030504119e-01
2.578958444870435018e-01
2.239245883165261741e-01
2.352215624772585334e-01
2.138754079739252634e-01
1.978877001465895180e-01
1.952643014299563773e-01
1.809770132486636929e-01
1.713087050578533110e-01
1.629764547523779861e-01
1.570329349010418651e-01
1.557882069968260230e-01
1.541726002708459498e-01
1.528687643317075961e-01
