9.905849397182464600e-02
3.636818826198577881e-01
4.573317170143127441e-01
5.200320482254028320e-01
5.841346383094787598e-01
6.358172893524169922e-01
7.128405570983886719e-01
7.568109035491943359e-01
7.977764606475830078e-01
8.180088400840759277e-01
8.427484035491943359e-01
8.411458134651184082e-01
8.606770634651184082e-01
8.961338400840759277e-01
8.859174847602844238e-01
8.995392918586730957e-01
9.019430875778198242e-01
9.194711446762084961e-01
9.279847741127014160e-01
9.288862347602844238e-01
9.360977411270141602e-01
9.366987347602844238e-01
9.415063858032226562e-01
9.436097741127014160e-01
9.478164911270141602e-01
9.502203464508056641e-01
9.525240659713745117e-01
9.524238705635070801e-01
9.522235393524169922e-01
9.537259340286254883e-01
