1.073717921972274780e-01
3.497596085071563721e-01
4.342948794364929199e-01
4.936898946762084961e-01
5.620993375778198242e-01
6.315104365348815918e-01
6.951121687889099121e-01
7.607171535491943359e-01
8.007812500000000000e-01
8.228164911270141602e-01
8.598757982254028320e-01
8.774038553237915039e-01
8.832131624221801758e-01
8.931289911270141602e-01
9.024438858032226562e-01
9.066506624221801758e-01
9.095553159713745117e-01
9.108573794364929199e-01
9.118589758872985840e-01
9.126602411270141602e-01
9.124599099159240723e-01
9.139623641967773438e-01
9.139623641967773438e-01
9.145632982254028320e-01
9.150640964508056641e-01
9.146634340286254883e-01
9.148637652397155762e-01
9.149639606475830078e-01
9.147636294364929199e-01
9.154647588729858398e-01
