2.305338132075774205e+00
1.797009553664769888e+00
1.581653830332633737e+00
1.406891838098183634e+00
1.291942055408771273e+00
1.114202907452216618e+00
1.005650740403395416e+00
9.096668805831518156e-01
6.990825365751217602e-01
6.137972688063596527e-01
5.689695798433743734e-01
4.750112363925346748e-01
4.915594947643769363e-01
4.433457392912644734e-01
3.780065553310589799e-01
4.635088222149090775e-01
4.434266648231408592e-01
3.437429051368664501e-01
3.024832678911013595e-01
2.994116292550013658e-01
2.760499455989935402e-01
2.402036702021574377e-01
2.124093167292765982e-01
2.010645545445955695e-01
1.946957932832913407e-01
1.933602885558055040e-01
1.905247053274741476e-01
1.903600243803782455e-01
1.905637796108539395e-01
1.877363150318463736e-01
