2.306406021118164062e+00
1.710571558047563556e+00
1.503291979814187052e+00
1.356586178143819099e+00
1.236310344475966216e+00
1.034061489961086266e+00
9.103338733697549090e-01
8.023404142795464988e-01
6.717443099388709093e-01
6.098399032384921314e-01
5.703272636120135797e-01
5.744817127019931080e-01
5.612418926679171305e-01
4.206038491848187455e-01
4.213696290285159352e-01
3.558116994607142813e-01
3.130334623349018686e-01
2.817868815782742509e-01
2.455972459835883970e-01
2.292835781207451518e-01
2.284398533594914071e-01
2.123882396098895065e-01
1.960879088594363329e-01
1.934135867617069182e-01
1.906907164897674034e-01
1.865046937496234181e-01
1.872118992301133877e-01
1.859999778561103045e-01
1.863318313008699711e-01
1.854958106309939625e-01
