2.324572660984137062e+00
1.800257202906486276e+00
1.576890789545499327e+00
1.409031816017933370e+00
1.229465411259577756e+00
1.038663906928820380e+00
8.685057102105556703e-01
6.898078093161950086e-01
5.883660797889416205e-01
5.369450495793268718e-01
4.402596010611607436e-01
3.840832450450994973e-01
3.793847545599325910e-01
3.677796056637397393e-01
3.430083630940852779e-01
3.251577329177122722e-01
3.214108951580830209e-01
3.225567619770001171e-01
3.211125395236871238e-01
3.222747020996533651e-01
3.256738529755519029e-01
3.259260786267427212e-01
3.277767357917932278e-01
3.304034746610201578e-01
3.304104468761346336e-01
3.312158026756384377e-01
3.347093008267573722e-01
3.356069645438438664e-01
3.374775533492748725e-01
3.394544124603271484e-01
