2.349881074367425438e+00
1.828076047775072821e+00
1.638315109106210476e+00
1.468988421635750052e+00
1.325417775374192475e+00
1.239774618393335581e+00
1.056396239843123919e+00
9.395860387728764973e-01
8.187196667377765191e-01
6.777088214189578297e-01
6.019688263917580828e-01
5.445841512618920799e-01
5.199292080524640092e-01
4.535514597709362494e-01
4.536851124885754594e-01
4.038805380845681414e-01
3.232332697281470879e-01
2.835870633522669659e-01
2.892554501692454205e-01
2.368086725473403931e-01
2.261574826179406639e-01
2.107039158925032019e-01
2.030462918755335799e-01
1.940114628045986889e-01
1.876823285069220970e-01
1.891150239568490377e-01
1.869502864204920234e-01
1.859596041150582135e-01
1.856549502565310594e-01
1.863005860493733290e-01
