2.309224538314036845e+00
1.725414193593538759e+00
1.511759357574658624e+00
1.324357326214130159e+00
1.183190639202411409e+00
1.028595525484818696e+00
8.338790153845762054e-01
7.459267897483630172e-01
6.178222986368032688e-01
5.618823292927864754e-01
4.621832752839112879e-01
3.669336598653059611e-01
3.532744416823753730e-01
4.040627991541838049e-01
3.692118472013717900e-01
3.262258447133578043e-01
2.945307351839848153e-01
2.887280159271680136e-01
2.943176741783435357e-01
2.495926779050093303e-01
2.716254729491013875e-01
2.425697627357947528e-01
2.418018384621693495e-01
2.125890188110180490e-01
2.015066760090681308e-01
1.930878051580526833e-01
1.887412245074907846e-01
1.858727202201500839e-01
1.855531262281613358e-01
1.854984874908740811e-01
1.835242725717715628e-01
1.834979618971164517e-01
1.839891765744258167e-01
1.827537512932068398e-01
1.827139178147682841e-01
1.825134133299191885e-01
1.812961090069550862e-01
1.823901409904161997e-01
1.814653053879737854e-01
1.820100238307928442e-01
