2.296243600356273173e+00
1.748020679522783283e+00
1.504884820718031646e+00
1.350116081726856709e+00
1.169175927455608610e+00
9.726499334359780535e-01
8.035981410588973750e-01
5.623597563841403746e-01
4.360485558326427924e-01
3.424456688838127261e-01
3.139813412458468678e-01
2.750613185075613254e-01
2.550458686474041947e-01
2.350671793787907360e-01
2.262579088027660557e-01
2.235991800060639079e-01
2.257663800548284361e-01
2.216033992859033352e-01
2.232938764187005765e-01
2.246116382571367032e-01
2.225846013961694236e-01
2.230370379029176231e-01
2.261690044632324870e-01
2.242122368934826859e-01
2.244972315354225034e-01
2.273402664905939397e-01
2.270781080692242382e-01
2.273625414340924022e-01
2.285963955980080953e-01
2.294190099988228371e-01
2.299930806725453136e-01
2.301247020562489920e-01
2.319184767130093583e-01
2.320603812352204920e-01
2.315317791623947019e-01
2.336876182219921050e-01
2.333067760635645083e-01
2.330762615952736427e-01
2.361780867362633651e-01
2.338756500528408888e-01
