1.492387801408767700e-01
3.750000000000000000e-01
4.622395932674407959e-01
5.190304517745971680e-01
5.831330418586730957e-01
6.548477411270141602e-01
7.191506624221801758e-01
8.053886294364929199e-01
8.531650900840759277e-01
8.851161599159240723e-01
8.956330418586730957e-01
9.111578464508056641e-01
9.168669581413269043e-01
9.253805875778198242e-01
9.295873641967773438e-01
9.300881624221801758e-01
9.310897588729858398e-01
9.325921535491943359e-01
9.318910241127014160e-01
9.325921535491943359e-01
9.324919581413269043e-01
9.323918223381042480e-01
9.331930875778198242e-01
9.342948794364929199e-01
9.341946840286254883e-01
9.342948794364929199e-01
9.343950152397155762e-01
9.347956776618957520e-01
9.349960088729858398e-01
9.348958134651184082e-01
9.352964758872985840e-01
9.350961446762084961e-01
9.353966116905212402e-01
9.354968070983886719e-01
9.356971383094787598e-01
9.360977411270141602e-01
9.360977411270141602e-01
9.354968070983886719e-01
9.368990659713745117e-01
9.366987347602844238e-01
