2.322244772544273861e+00
1.802835690669524427e+00
1.573544823206387999e+00
1.400804736675360207e+00
1.219152710376641746e+00
1.034591887241754771e+00
8.675186970295050148e-01
7.010373320334997160e-01
5.888429429286565764e-01
5.393928984800974158e-01
4.376377776647225604e-01
3.875039792977846842e-01
3.811844633175776598e-01
3.666969885428746356e-01
3.431857526302337646e-01
3.269634579236690985e-01
3.218621088144106857e-01
3.228861834758367522e-01
3.216692916093728538e-01
3.235129117965698242e-01
3.259871399555450688e-01
3.251482993364334106e-01
3.281067934555885190e-01
3.303658702434637551e-01
3.307488789925208672e-01
3.334163847642067080e-01
3.352210487310702813e-01
3.369587059968557341e-01
3.363090925491772909e-01
3.400004357099533081e-01
