1.057692319154739380e-01
3.445512950420379639e-01
4.612379670143127441e-01
5.417668223381042480e-01
6.071714758872985840e-01
6.853966116905212402e-01
7.452924847602844238e-01
7.952724099159240723e-01
8.403445482254028320e-01
8.692908883094787598e-01
8.850160241127014160e-01
8.897235393524169922e-01
9.018429517745971680e-01
9.080528616905212402e-01
9.111578464508056641e-01
9.163661599159240723e-01
9.177684187889099121e-01
9.191706776618957520e-01
9.184695482254028320e-01
9.195713400840759277e-01
9.190705418586730957e-01
9.192708134651184082e-01
9.192708134651184082e-01
9.197716116905212402e-01
9.197716116905212402e-01
9.199719429016113281e-01
9.204727411270141602e-01
9.204727411270141602e-01
9.202724099159240723e-01
9.208734035491943359e-01
9.207732081413269043e-01
9.207732081413269043e-01
9.217748641967773438e-01
9.212740659713745117e-01
9.217748641967773438e-01
9.219751358032226562e-01
9.214743375778198242e-01
9.216746687889099121e-01
9.224759340286254883e-01
9.220753312110900879e-01
