1.281049698591232300e-01
3.618790209293365479e-01
4.337940812110900879e-01
4.928886294364929199e-01
5.425680875778198242e-01
6.011618375778198242e-01
6.384214758872985840e-01
6.710737347602844238e-01
7.532051205635070801e-01
7.864583134651184082e-01
8.065905570983886719e-01
8.416466116905212402e-01
8.380408883094787598e-01
8.579727411270141602e-01
8.761017918586730957e-01
8.534655570983886719e-01
8.594751358032226562e-01
8.904246687889099121e-01
9.026442170143127441e-01
9.091546535491943359e-01
9.138621687889099121e-01
9.256811141967773438e-01
9.323918223381042480e-01
9.384014606475830078e-01
9.399038553237915039e-01
9.399038553237915039e-01
9.424078464508056641e-01
9.431089758872985840e-01
9.424078464508056641e-01
9.447115659713745117e-01
