1.382211595773696899e-01
3.745993673801422119e-01
4.606370329856872559e-01
5.125200152397155762e-01
5.558894276618957520e-01
6.396234035491943359e-01
6.847956776618957520e-01
7.224559187889099121e-01
7.735376358032226562e-01
7.895632982254028320e-01
8.085937500000000000e-01
8.146033883094787598e-01
8.199118375778198242e-01
8.644831776618957520e-01
8.656851053237915039e-01
8.949319124221801758e-01
9.020432829856872559e-01
9.135617017745971680e-01
9.234775900840759277e-01
9.283854365348815918e-01
9.325921535491943359e-01
9.384014606475830078e-01
9.422075152397155762e-01
9.422075152397155762e-01
9.433093070983886719e-01
9.447115659713745117e-01
9.450120329856872559e-01
9.452123641967773438e-01
9.461137652397155762e-01
9.461137652397155762e-01
