1.011618599295616150e-01
3.462540209293365479e-01
4.584334790706634521e-01
5.095152258872985840e-01
5.680088400840759277e-01
6.212940812110900879e-01
6.748797893524169922e-01
7.227563858032226562e-01
7.468950152397155762e-01
7.953726053237915039e-01
8.348357081413269043e-01
8.341346383094787598e-01
8.532652258872985840e-01
8.750000000000000000e-01
8.538661599159240723e-01
8.958333134651184082e-01
9.161658883094787598e-01
9.216746687889099121e-01
9.315905570983886719e-01
9.340945482254028320e-01
9.408053159713745117e-01
9.440104365348815918e-01
9.454126358032226562e-01
9.474158883094787598e-01
9.481169581413269043e-01
9.490184187889099121e-01
9.483172893524169922e-01
9.499198794364929199e-01
9.496194124221801758e-01
9.498196840286254883e-01
9.505208134651184082e-01
9.511218070983886719e-01
9.506210088729858398e-01
9.505208134651184082e-01
9.514222741127014160e-01
9.513221383094787598e-01
9.513221383094787598e-01
9.510216116905212402e-01
9.520232081413269043e-01
9.511218070983886719e-01
