9.975961595773696899e-02
3.447515964508056641e-01
4.358974397182464600e-01
4.910857379436492920e-01
5.590945482254028320e-01
6.312099099159240723e-01
6.988180875778198242e-01
7.622195482254028320e-01
8.007812500000000000e-01
8.231169581413269043e-01
8.591746687889099121e-01
8.783053159713745117e-01
8.848156929016113281e-01
8.943309187889099121e-01
9.018429517745971680e-01
9.071514606475830078e-01
9.097555875778198242e-01
9.107571840286254883e-01
9.135617017745971680e-01
9.128605723381042480e-01
9.131610393524169922e-01
9.138621687889099121e-01
9.134615659713745117e-01
9.142628312110900879e-01
9.141626358032226562e-01
9.142628312110900879e-01
9.140625000000000000e-01
9.142628312110900879e-01
9.143629670143127441e-01
9.150640964508056641e-01
