2.308108928876045240e+00
1.771114398271609547e+00
1.507753907105861657e+00
1.356273828408657067e+00
1.167990690622574323e+00
9.825473351356310836e-01
8.054333008252657633e-01
5.574129162690578676e-01
4.356320653206262605e-01
3.430526340619111658e-01
3.152702542451711887e-01
2.730931590000788556e-01
2.530841426207469103e-01
2.328506043324103658e-01
2.244770828730020817e-01
2.214516460513457352e-01
2.234717187209007139e-01
2.197345195290369979e-01
2.208928179282408366e-01
2.230394723323675388e-01
2.212087208261856730e-01
2.224365753623155362e-01
2.239318822438900181e-01
2.235763584956144689e-01
2.231095246015450950e-01
2.258747533345833725e-01
2.259742078872827298e-01
2.251692563295364380e-01
2.269801552861164806e-01
2.279720203234599230e-01
2.282325549003405563e-01
2.280117202645693120e-01
2.290520931665714077e-01
2.308345788564437340e-01
2.301347297735703290e-01
2.327068677315345113e-01
2.320110354668054875e-01
2.307505609515385636e-01
2.355375108428490460e-01
2.333290280821995744e-01
