1.118790060281753540e-01
3.594751656055450439e-01
4.556290209293365479e-01
5.123196840286254883e-01
5.833333134651184082e-01
6.463341116905212402e-01
7.182492017745971680e-01
8.065905570983886719e-01
8.514623641967773438e-01
8.845152258872985840e-01
8.962339758872985840e-01
9.117588400840759277e-01
9.186698794364929199e-01
9.270833134651184082e-01
9.299879670143127441e-01
9.307892918586730957e-01
9.316906929016113281e-01
9.337940812110900879e-01
9.324919581413269043e-01
9.333934187889099121e-01
9.339944124221801758e-01
9.342948794364929199e-01
9.344952106475830078e-01
9.350961446762084961e-01
9.352964758872985840e-01
9.351963400840759277e-01
9.357972741127014160e-01
9.359976053237915039e-01
9.361979365348815918e-01
9.355969429016113281e-01
9.362980723381042480e-01
9.363982081413269043e-01
9.359976053237915039e-01
9.367988705635070801e-01
9.366987347602844238e-01
9.365985393524169922e-01
9.372996687889099121e-01
9.372996687889099121e-01
9.369992017745971680e-01
9.377003312110900879e-01
