1.276041716337203979e-01
3.463541567325592041e-01
4.637419879436492920e-01
5.339543223381042480e-01
6.003605723381042480e-01
6.850961446762084961e-01
7.521033883094787598e-01
7.974759340286254883e-01
8.384414911270141602e-01
8.624799847602844238e-01
8.822115659713745117e-01
8.901242017745971680e-01
9.033453464508056641e-01
9.060496687889099121e-01
9.127604365348815918e-01
9.178686141967773438e-01
9.190705418586730957e-01
9.190705418586730957e-01
9.191706776618957520e-01
9.197716116905212402e-01
9.196714758872985840e-01
9.195713400840759277e-01
9.202724099159240723e-01
9.200721383094787598e-01
9.197716116905212402e-01
9.209735393524169922e-01
9.207732081413269043e-01
9.206730723381042480e-01
9.222756624221801758e-01
9.208734035491943359e-01
9.216746687889099121e-01
9.235777258872985840e-01
9.230769276618957520e-01
9.220753312110900879e-01
9.237780570983886719e-01
9.236778616905212402e-01
9.224759340286254883e-01
9.238781929016113281e-01
9.240785241127014160e-01
9.231770634651184082e-01
