1.031650677323341370e-01
3.452523946762084961e-01
4.161658585071563721e-01
4.752604067325592041e-01
5.321514606475830078e-01
5.532852411270141602e-01
6.211938858032226562e-01
6.667668223381042480e-01
7.126402258872985840e-01
7.623196840286254883e-01
7.948718070983886719e-01
8.135015964508056641e-01
8.265224099159240723e-01
8.481570482254028320e-01
8.539663553237915039e-01
8.640825152397155762e-01
8.911257982254028320e-01
9.103565812110900879e-01
9.084535241127014160e-01
9.241786599159240723e-01
9.300881624221801758e-01
9.354968070983886719e-01
9.366987347602844238e-01
9.408053159713745117e-01
9.433093070983886719e-01
9.424078464508056641e-01
9.430088400840759277e-01
9.423077106475830078e-01
9.441105723381042480e-01
9.446113705635070801e-01
