1.470352560281753540e-01
3.806089758872985840e-01
4.603365361690521240e-01
5.221354365348815918e-01
5.744190812110900879e-01
6.357171535491943359e-01
7.092347741127014160e-01
7.408854365348815918e-01
7.828525900840759277e-01
8.087940812110900879e-01
8.435496687889099121e-01
8.752003312110900879e-01
8.803085088729858398e-01
8.636819124221801758e-01
8.785055875778198242e-01
8.990384340286254883e-01
9.076522588729858398e-01
9.105569124221801758e-01
9.098557829856872559e-01
9.262820482254028320e-01
9.190705418586730957e-01
9.255809187889099121e-01
9.275841116905212402e-01
9.358974099159240723e-01
9.395031929016113281e-01
9.428085088729858398e-01
9.445112347602844238e-01
9.455128312110900879e-01
9.452123641967773438e-01
9.458132982254028320e-01
9.462139606475830078e-01
9.464142918586730957e-01
9.463140964508056641e-01
9.463140964508056641e-01
9.470152258872985840e-01
9.470152258872985840e-01
9.471153616905212402e-01
9.478164911270141602e-01
9.474158883094787598e-01
9.479166865348815918e-01
