2.312617332507402423e+00
1.802654520059243204e+00
1.504276486543508762e+00
1.272718062767615788e+00
1.120695057587745902e+00
8.936599095662435266e-01
7.311539176182869637e-01
5.943966874709496473e-01
4.684342466867886801e-01
4.036157314593975531e-01
3.627728262008764748e-01
3.462371623668915044e-01
3.192526942644363652e-01
3.021585899285780807e-01
2.877251395048239235e-01
2.761267500045971879e-01
2.749209551092905990e-01
2.731665544784985800e-01
2.730229943990707397e-01
2.739951278154666436e-01
2.766320273662224993e-01
2.768373504663125262e-01
2.759313957813458451e-01
2.792099676071069236e-01
2.789660921463599785e-01
2.788664138852021690e-01
2.810672334371469017e-01
2.803765000441135746e-01
2.811051217409280545e-01
2.825397470822700874e-01
2.823392382034888848e-01
2.827522040177614104e-01
2.843302805454303028e-01
2.846220345833362919e-01
2.841774599674420365e-01
2.866181383530299054e-01
2.873202898563482766e-01
2.869070500899583709e-01
2.882089427648446556e-01
2.894207250613432536e-01
