2.343556061769143106e+00
1.791132813844925398e+00
1.521094578963059663e+00
1.378037874515239958e+00
1.219920956171475890e+00
1.075032868446447853e+00
9.369350427236312617e-01
7.961111603639065004e-01
7.232451866834591625e-01
5.857518498714153754e-01
4.823998694236462104e-01
4.843222590593191379e-01
4.341054161389668598e-01
3.802720552835708867e-01
4.820529230130024545e-01
3.097583051675405486e-01
2.521300835487170211e-01
2.458406358193128416e-01
2.214461043477058411e-01
2.024404836388734585e-01
1.883420701592396496e-01
1.758131457444949142e-01
1.689102493035487540e-01
1.679317849950912600e-01
1.634285394579936268e-01
1.624184434230510898e-01
1.628778345691851981e-01
1.605749097772133649e-01
1.597165555143967575e-01
1.598160538153770571e-01
1.591773415223146082e-01
1.588026273709077230e-01
1.581388427278934417e-01
1.597939349519900687e-01
1.580510361072344772e-01
1.573924313370998196e-01
1.595165647375277884e-01
1.579249012164580523e-01
1.570948992784206577e-01
1.594749912619590759e-01
