2.311364717972584248e+00
1.805560249548691987e+00
1.504769151027385954e+00
1.283280201447315694e+00
1.127989469430385583e+00
9.056168351417932527e-01
7.214001967356755696e-01
5.805500241426321262e-01
4.706540413391895883e-01
4.179518360358018270e-01
3.616282504338484416e-01
3.474692587669079291e-01
3.159586680241120438e-01
3.023184480575414890e-01
2.844049464433621166e-01
2.743943635469827669e-01
2.732174927607560755e-01
2.717417264596009852e-01
2.726785464164538375e-01
2.721713284651438580e-01
2.744617355175507645e-01
2.745229611412072779e-01
2.739148361560626022e-01
2.764064276065582026e-01
2.766132797950353606e-01
2.764110022630447139e-01
2.787100474039713727e-01
2.777206928302080047e-01
2.782210207138305913e-01
2.804004695170965178e-01
2.809761495162279021e-01
2.794229193375660780e-01
2.812378566998701701e-01
2.822649421600195163e-01
2.816608047638183843e-01
2.833544757121648772e-01
2.844853378259218912e-01
2.833747684191434968e-01
2.839864660532046559e-01
2.862427899470695869e-01
