1.060697138309478760e-01
3.640825450420379639e-01
4.111578464508056641e-01
4.551281929016113281e-01
4.776642620563507080e-01
4.916867017745971680e-01
5.078125000000000000e-01
5.226362347602844238e-01
5.164262652397155762e-01
5.219351053237915039e-01
5.309495329856872559e-01
5.416666865348815918e-01
5.193309187889099121e-01
5.352563858032226562e-01
5.280448794364929199e-01
5.270432829856872559e-01
5.109174847602844238e-01
5.222355723381042480e-01
5.123196840286254883e-01
5.159254670143127441e-01
5.038061141967773438e-01
5.078125000000000000e-01
5.078125000000000000e-01
4.756610691547393799e-01
5.121194124221801758e-01
5.095152258872985840e-01
4.968950450420379639e-01
4.954927861690521240e-01
4.903846085071563721e-01
4.925881326198577881e-01
