1.017628237605094910e-01
3.744992017745971680e-01
4.359976053237915039e-01
4.560296535491943359e-01
4.868790209293365479e-01
4.987980723381042480e-01
5.098156929016113281e-01
5.140224099159240723e-01
5.195312500000000000e-01
5.209335088729858398e-01
5.319511294364929199e-01
5.290464758872985840e-01
5.358573794364929199e-01
5.232371687889099121e-01
5.294471383094787598e-01
5.231370329856872559e-01
5.224359035491943359e-01
5.149238705635070801e-01
5.123196840286254883e-01
4.863781929016113281e-01
5.045071840286254883e-01
5.275440812110900879e-01
5.050080418586730957e-01
5.007011294364929199e-01
5.129206776618957520e-01
5.096153616905212402e-01
5.027043223381042480e-01
5.044070482254028320e-01
5.111178159713745117e-01
5.045071840286254883e-01
