2.338342972290821553e+00
1.767787774403889900e+00
1.648218656197572463e+00
1.508236096455500608e+00
1.454948104344881532e+00
1.396558553744585041e+00
1.360101501146952385e+00
1.333142497600653176e+00
1.346097288987575524e+00
1.343588257447267287e+00
1.320180171575301653e+00
1.309362692710680731e+00
1.396569896966983082e+00
1.324344008396833416e+00
1.387370861493624208e+00
1.445723759822356458e+00
1.464303404856950763e+00
1.461894796444819455e+00
1.590225464258438581e+00
1.571109215418497795e+00
1.595595225309714316e+00
1.640914262869419105e+00
1.751837534782213934e+00
1.870761975263937948e+00
1.733191077525799040e+00
1.834552193299318068e+00
1.873390084657913679e+00
2.002584044749920356e+00
2.103532506869389529e+00
2.072420590963119036e+00
