2.324918178411630620e+00
1.748094060482122902e+00
1.575695630831596139e+00
1.499813795089721680e+00
1.430126480567149638e+00
1.388608834682366844e+00
1.355401436487833733e+00
1.352172267742645984e+00
1.324196986663035869e+00
1.364723333945641048e+00
1.323505982374533652e+00
1.337816525728274586e+00
1.336244326371412994e+00
1.424098210457043878e+00
1.396687428156534905e+00
1.419139024538871530e+00
1.492779261026627058e+00
1.551036461805685995e+00
1.573295862246782306e+00
1.751763157355479716e+00
1.677572085307194705e+00
1.579470081207079657e+00
1.743629397490085609e+00
1.819056709607442146e+00
1.741709302633236645e+00
1.841126203536987305e+00
1.903012373508551125e+00
1.969933885794419526e+00
1.952735268152677062e+00
2.070459809058751599e+00
