1.015625000000000000e-01
3.617788553237915039e-01
4.377003312110900879e-01
5.157251358032226562e-01
5.643028616905212402e-01
6.115785241127014160e-01
6.470352411270141602e-01
6.932091116905212402e-01
7.350761294364929199e-01
7.720352411270141602e-01
7.814503312110900879e-01
8.250200152397155762e-01
8.474559187889099121e-01
8.409455418586730957e-01
8.739984035491943359e-01
8.804086446762084961e-01
8.836137652397155762e-01
8.901242017745971680e-01
8.800080418586730957e-01
8.824118375778198242e-01
8.868188858032226562e-01
8.983373641967773438e-01
8.604767918586730957e-01
9.038461446762084961e-01
8.884214758872985840e-01
8.934294581413269043e-01
8.720953464508056641e-01
9.051482081413269043e-01
8.949319124221801758e-01
9.119591116905212402e-01
