1.156850978732109070e-01
3.589743673801422119e-01
4.488181173801422119e-01
5.008012652397155762e-01
5.484775900840759277e-01
5.799278616905212402e-01
6.243990659713745117e-01
6.650640964508056641e-01
6.973156929016113281e-01
7.427884340286254883e-01
7.809495329856872559e-01
7.962740659713745117e-01
8.261218070983886719e-01
8.399438858032226562e-01
8.603765964508056641e-01
8.662860393524169922e-01
8.817107081413269043e-01
8.832131624221801758e-01
8.973357081413269043e-01
8.782051205635070801e-01
8.904246687889099121e-01
8.943309187889099121e-01
8.942307829856872559e-01
8.788061141967773438e-01
8.853164911270141602e-01
8.800080418586730957e-01
8.960336446762084961e-01
8.881210088729858398e-01
8.581730723381042480e-01
8.888221383094787598e-01
