2.313789337109296795e+00
1.780870446792015560e+00
1.524922190568386071e+00
1.356966324341602803e+00
1.229302314611581570e+00
1.116221360671214580e+00
1.029101527654207704e+00
9.321441161326873281e-01
8.313862910637488390e-01
7.529480824103722547e-01
7.045308351516723633e-01
6.303557799412653484e-01
5.737409713940743172e-01
5.640808917008913737e-01
5.122404129077227086e-01
4.751786666038708695e-01
4.533883516605083930e-01
4.271336511159554705e-01
4.390275340813856730e-01
4.161592339858030676e-01
3.885775330739143496e-01
3.624440332253773822e-01
4.184382336261944779e-01
3.275735278924306049e-01
3.472536534835130584e-01
3.394079017333495041e-01
3.721757852114163656e-01
2.849667553718273627e-01
3.161392460266749249e-01
2.722305254294322130e-01
