2.316139398477016442e+00
1.779514282177656170e+00
1.520812328045184847e+00
1.378332923620175121e+00
1.256333720989716296e+00
1.186266446724916213e+00
1.075768269025362489e+00
9.957933456469805211e-01
8.995977242787679407e-01
8.089235623677571985e-01
7.229056113805526484e-01
6.701707732983124277e-01
6.159105667701134657e-01
5.753485025503696226e-01
5.337752119088784442e-01
5.005213091006646131e-01
4.639137715865404021e-01
4.502948881723942143e-01
4.108340388689285527e-01
4.181910913724165568e-01
3.964287348282642953e-01
3.743653687146993869e-01
3.724136108007186641e-01
3.915238823646154387e-01
3.631482384143731590e-01
3.709229253805600424e-01
3.236349404622346770e-01
3.346440196037292480e-01
4.088322787712782014e-01
3.286137030674861070e-01
