2.328685418153420450e+00
1.850916241988157518e+00
1.614245588962848421e+00
1.570953463896726854e+00
1.449997281416868455e+00
1.405048422324351787e+00
1.374321286494915251e+00
1.364570088875599385e+00
1.332784741352766034e+00
1.303527746445093394e+00
1.302162204033289195e+00
1.308693604591565363e+00
1.313192116908538098e+00
1.286104529331892010e+00
1.301054783356495381e+00
1.342140255830226891e+00
1.338652586325620897e+00
1.381722147648151156e+00
1.402028548411833997e+00
1.464597533910702465e+00
1.516922097939711334e+00
1.638457548923981433e+00
1.768480722720806364e+00
1.738464172069843050e+00
1.764996852630223989e+00
1.767934863383953337e+00
1.746527305016150944e+00
1.913922352668566473e+00
1.907121309867271908e+00
1.814245340151664498e+00
