1.022636219859123230e-01
3.433493673801422119e-01
4.175681173801422119e-01
4.275841414928436279e-01
4.751602709293365479e-01
4.923878312110900879e-01
5.028044581413269043e-01
5.122195482254028320e-01
5.177283883094787598e-01
5.308493375778198242e-01
5.321514606475830078e-01
5.322515964508056641e-01
5.308493375778198242e-01
5.460737347602844238e-01
5.433694124221801758e-01
5.317507982254028320e-01
5.366586446762084961e-01
5.443710088729858398e-01
5.361578464508056641e-01
5.271434187889099121e-01
5.278445482254028320e-01
5.045071840286254883e-01
4.987980723381042480e-01
5.103164911270141602e-01
5.084134340286254883e-01
5.108172893524169922e-01
5.133213400840759277e-01
4.947916567325592041e-01
4.963942170143127441e-01
5.184294581413269043e-01
