1.151842921972274780e-01
3.626802861690521240e-01
4.604367017745971680e-01
5.093148946762084961e-01
5.765224099159240723e-01
6.278044581413269043e-01
6.557492017745971680e-01
7.351762652397155762e-01
7.842547893524169922e-01
8.204126358032226562e-01
8.478565812110900879e-01
8.574719429016113281e-01
8.362379670143127441e-01
8.825120329856872559e-01
8.861178159713745117e-01
9.019430875778198242e-01
9.111578464508056641e-01
9.211738705635070801e-01
9.194711446762084961e-01
9.271835088729858398e-01
9.406049847602844238e-01
9.405047893524169922e-01
9.430088400840759277e-01
9.458132982254028320e-01
9.475160241127014160e-01
9.474158883094787598e-01
9.480168223381042480e-01
9.487179517745971680e-01
9.489182829856872559e-01
9.493188858032226562e-01
