2.342883244538918497e+00
1.809399491701370710e+00
1.514899376111152884e+00
1.384192668474637511e+00
1.202168314884870526e+00
1.063939042580433370e+00
9.767177089666708723e-01
7.615071443411020047e-01
6.496845017641018627e-01
5.345925505344684137e-01
4.554077937052800062e-01
4.276098884069002848e-01
4.834502858993334762e-01
3.538427207714471834e-01
3.539501283413324373e-01
3.126860490212073906e-01
2.763849989725993272e-01
2.490433714328668113e-01
2.625954246673828374e-01
2.346752721529740682e-01
1.993194696230766172e-01
2.014870523260189894e-01
1.907621444417880174e-01
1.818784077962239676e-01
1.782186826070149832e-01
1.791662178360498847e-01
1.784104116452046029e-01
1.764143628951830856e-01
1.775036431275881232e-01
1.766532055842570670e-01
