1.084735542535781860e-01
3.515625000000000000e-01
4.435096085071563721e-01
5.107171535491943359e-01
5.432692170143127441e-01
5.906450152397155762e-01
6.261017918586730957e-01
6.579527258872985840e-01
7.035256624221801758e-01
7.435897588729858398e-01
7.504006624221801758e-01
7.974759340286254883e-01
8.180088400840759277e-01
8.130007982254028320e-01
8.548678159713745117e-01
8.441506624221801758e-01
8.626803159713745117e-01
8.599759340286254883e-01
8.676882982254028320e-01
8.652844429016113281e-01
8.706930875778198242e-01
8.611778616905212402e-01
8.630809187889099121e-01
8.851161599159240723e-01
8.656851053237915039e-01
8.636819124221801758e-01
8.685897588729858398e-01
8.795071840286254883e-01
8.708934187889099121e-01
8.790063858032226562e-01
