1.030649021267890930e-01
3.399439156055450439e-01
4.544270932674407959e-01
4.949919879436492920e-01
5.364583134651184082e-01
5.692107081413269043e-01
5.989583134651184082e-01
6.416265964508056641e-01
6.855969429016113281e-01
7.182492017745971680e-01
7.563101053237915039e-01
7.798477411270141602e-01
8.119992017745971680e-01
8.223156929016113281e-01
8.494591116905212402e-01
8.532652258872985840e-01
8.690905570983886719e-01
8.574719429016113281e-01
8.765023946762084961e-01
8.784054517745971680e-01
8.807091116905212402e-01
8.812099099159240723e-01
8.594751358032226562e-01
8.730969429016113281e-01
8.718950152397155762e-01
8.639823794364929199e-01
8.773036599159240723e-01
8.850160241127014160e-01
8.606770634651184082e-01
8.851161599159240723e-01
