2.306673031586867317e+00
1.799431580763596772e+00
1.514374980559715755e+00
1.404135636794261455e+00
1.282179181392376188e+00
1.197361643497760531e+00
1.115253356786874539e+00
1.022360457823826785e+00
9.020470166817690094e-01
8.123510556343274125e-01
6.989796131085126429e-01
6.406712746008847992e-01
5.435540217619675429e-01
5.145005346872867369e-01
4.486349003437237748e-01
4.300750509286538348e-01
3.812821026031787408e-01
4.162943439605908402e-01
3.714463137663327474e-01
3.672295751479955905e-01
3.589973495556758043e-01
3.689953287442525043e-01
4.360416057782295352e-01
4.170268945969067831e-01
4.004864532213944783e-01
4.253578392358926541e-01
3.822687237690656770e-01
3.750978616567758328e-01
4.603186471339983932e-01
3.654954425799540885e-01
