1.078725978732109070e-01
3.490584790706634521e-01
4.272836446762084961e-01
4.914863705635070801e-01
5.339543223381042480e-01
5.834335088729858398e-01
6.264022588729858398e-01
6.782852411270141602e-01
6.995192170143127441e-01
7.602163553237915039e-01
7.959735393524169922e-01
8.239182829856872559e-01
8.468549847602844238e-01
8.428485393524169922e-01
8.639823794364929199e-01
8.778044581413269043e-01
8.908253312110900879e-01
8.923277258872985840e-01
9.064503312110900879e-01
9.034455418586730957e-01
9.091546535491943359e-01
9.200721383094787598e-01
9.182692170143127441e-01
9.175680875778198242e-01
9.165664911270141602e-01
9.199719429016113281e-01
9.209735393524169922e-01
9.172676205635070801e-01
9.183694124221801758e-01
9.126602411270141602e-01
