2.294597570712749945e+00
1.719365605941185482e+00
1.506809720626244076e+00
1.364895624992174872e+00
1.269252648720374577e+00
1.141625285148620605e+00
1.039418393220656878e+00
8.993172263487790863e-01
7.939283068363482965e-01
6.795013592793390789e-01
6.079663076461889748e-01
5.971263616512982875e-01
4.734250887846335187e-01
4.416247438161801098e-01
4.233234043304736627e-01
3.499691566595664605e-01
3.779675276615681034e-01
3.586702652466602914e-01
3.336052199204762592e-01
3.359763717804199468e-01
3.882493907824540735e-01
3.778779793244141927e-01
3.726021269193062202e-01
3.391551360105856672e-01
4.074221291603186135e-01
3.604624619086583270e-01
3.696242074171702252e-01
3.962734509737063648e-01
3.754338056613237273e-01
3.353670067512072306e-01
