2.333424201378455631e+00
1.795650304892124183e+00
1.573222936728061683e+00
1.423897850207793470e+00
1.309657060183011534e+00
1.172834069300920490e+00
1.058410289960029838e+00
9.226094499612466082e-01
8.592551381160051793e-01
6.908560043726211797e-01
5.934011844488290555e-01
5.174521750364547978e-01
4.488999614348778144e-01
4.576940009227165596e-01
4.082930439557784785e-01
3.763398176584488164e-01
3.187100176627819526e-01
3.469579586615929023e-01
2.779797949852087502e-01
2.946321757940145725e-01
2.736996790537467583e-01
2.481982432878934441e-01
2.575007466933665889e-01
2.530256941532477155e-01
2.648448573473172196e-01
2.551352496330554498e-01
2.455345636759048988e-01
2.564336588749518975e-01
2.631050909941012872e-01
2.811303241894795302e-01
