2.291757663091023911e+00
1.719357900130443095e+00
1.527143686245649334e+00
1.410155195456284760e+00
1.351671322798117636e+00
1.295509020487467522e+00
1.223452409108479744e+00
1.156883961115128034e+00
1.161351760228474861e+00
1.098757572663136006e+00
1.103596707185109382e+00
1.068891198207170490e+00
1.047238220006991627e+00
1.042655090490977043e+00
1.048930660272255899e+00
1.012200029996725315e+00
1.015783759263845676e+00
1.035533999785398729e+00
1.059372460230802782e+00
1.049477051465939281e+00
1.059551222202105292e+00
1.106360346843034748e+00
1.143526575504205223e+00
1.130721475833501577e+00
1.148676959367898709e+00
1.172056381519024137e+00
1.305348494114019875e+00
1.441247848364022976e+00
1.334161844009008169e+00
1.280575859240996595e+00
