1.173878237605094910e-01
3.769030570983886719e-01
4.486177861690521240e-01
4.925881326198577881e-01
5.110176205635070801e-01
5.302484035491943359e-01
5.592948794364929199e-01
5.846354365348815918e-01
5.837339758872985840e-01
6.148838400840759277e-01
6.039663553237915039e-01
6.162860393524169922e-01
6.262019276618957520e-01
6.305088400840759277e-01
6.265023946762084961e-01
6.413261294364929199e-01
6.386218070983886719e-01
6.328125000000000000e-01
6.346153616905212402e-01
6.420272588729858398e-01
6.327123641967773438e-01
6.308093070983886719e-01
6.186898946762084961e-01
6.301081776618957520e-01
6.281049847602844238e-01
6.222956776618957520e-01
6.083734035491943359e-01
5.769230723381042480e-01
6.055688858032226562e-01
6.102764606475830078e-01
