2.322815815607706558e+00
1.760893082007383592e+00
1.545024086267520191e+00
1.392104164147988321e+00
1.200130713291657214e+00
1.076748883112882860e+00
9.478759077879098660e-01
8.055612475444109410e-01
6.410259742003220351e-01
5.409500193901550791e-01
5.278906554747850866e-01
4.941002161074907195e-01
4.420473422759618742e-01
4.020647628185076705e-01
4.639962353767492775e-01
3.969700626837901480e-01
3.224173272267366053e-01
2.910115650066962822e-01
2.853385443106675745e-01
2.578126016335609560e-01
2.299202640469257541e-01
2.334995162792694867e-01
2.518757172884085183e-01
2.155265454680491688e-01
2.098333317881975468e-01
2.070181471032974119e-01
2.061107523548297293e-01
2.044312059879302979e-01
2.033471199564444720e-01
2.048238087923098805e-01
