1.153846159577369690e-01
3.677884638309478760e-01
4.402043223381042480e-01
5.064102411270141602e-01
5.756210088729858398e-01
6.228966116905212402e-01
6.582531929016113281e-01
7.167468070983886719e-01
7.816506624221801758e-01
8.188101053237915039e-01
8.204126358032226562e-01
8.388421535491943359e-01
8.529647588729858398e-01
8.671875000000000000e-01
8.561698794364929199e-01
8.772035241127014160e-01
8.992387652397155762e-01
9.090544581413269043e-01
9.129607081413269043e-01
9.218750000000000000e-01
9.310897588729858398e-01
9.328926205635070801e-01
9.271835088729858398e-01
9.385015964508056641e-01
9.417067170143127441e-01
9.423077106475830078e-01
9.423077106475830078e-01
9.433093070983886719e-01
9.435096383094787598e-01
9.427083134651184082e-01
