2.300456762313842773e+00
1.806742503092839236e+00
1.536080036407861948e+00
1.373374841152093406e+00
1.274994465020986789e+00
1.144937796470446356e+00
1.064024292505704405e+00
9.621796470422011582e-01
8.500174528513199101e-01
7.425692417682745461e-01
7.146762487215873039e-01
5.837737917900085449e-01
5.252336431772280934e-01
5.483876138161389857e-01
4.317110562935853602e-01
4.586644172668457031e-01
4.154972143662281625e-01
4.340553581714630127e-01
4.138384637160179014e-01
4.257977750056829436e-01
3.972405057687025676e-01
4.431155751913021801e-01
4.276151450780721897e-01
3.637599364305154070e-01
4.332810319386996012e-01
4.570251451088832018e-01
4.371221707417414781e-01
4.001732460963420279e-01
4.288839758970798832e-01
4.022963769160784464e-01
