1.387219578027725220e-01
3.850160241127014160e-01
4.589343070983886719e-01
5.110176205635070801e-01
5.469751358032226562e-01
5.992588400840759277e-01
6.298077106475830078e-01
6.836938858032226562e-01
7.205528616905212402e-01
7.632211446762084961e-01
7.884615659713745117e-01
7.989783883094787598e-01
8.352363705635070801e-01
8.463541865348815918e-01
8.600761294364929199e-01
8.853164911270141602e-01
8.753004670143127441e-01
8.818109035491943359e-01
8.923277258872985840e-01
8.956330418586730957e-01
8.757011294364929199e-01
8.843148946762084961e-01
8.818109035491943359e-01
8.932291865348815918e-01
8.755007982254028320e-01
8.908253312110900879e-01
8.871194124221801758e-01
8.778044581413269043e-01
8.867187500000000000e-01
8.984375000000000000e-01
